[app/ui]
version = 6.4.1
modtime = 1466015877.154390000

[app/launcher]
version = 6.4.1
modtime = 1466015877.156824000
